Success! Your phone number was randomized 100 times!


5322903
1676033
0602389
5509840
9376247
5853000
0311963
6683564
3506725
4190935
4915676
6520485
1862487
4517525
8829802
7564571
8123587
9239555
5362779
4793661
7172477
8356350
0488382
2979550
7666371
4651446
8422995
5517770
9741519
9983786
7376724
2951199
5039458
0917460
4690977
5455981
7574356
8226070
3259042
5298691
5181443
7217211
2348361
4139844
8645044
3342810
7053262
3023721
4870259
1895429
7057243
4493516
9331362
6325942
3534567
3008377
6704193
4109863
3392371
1713024
1336004
5568623
8204385
7427499
7901432
8642866
6145237
5204666
1896702
9714531
6457041
5797007
2093957
4872971
7095158
7658810
0271636
8766110
9783942
9527631
5730743
8193424
6752632
0113321
1762143
0065834
1268905
9948999
9310082
8027950
8079151
7528149
8752829
5215284
9507368
2054673
4216666
8971600
5886444
2813324
